{'INFY': 0.8641662860414908,
 'HDFC': 0.7499079522775906,
 'SBIN': 0.7822953739123798,
 'BANKBARODA': 0.7303503368699104,
 'BAJAJ-AUTO': 0.7883904119300693,
 'TVSMOTOR': 0.8292714405267352,
 'M&M': 0.7235307976782662,
 'ABBOTINDIA': 1.0896205182768666,
 'ALKEM': 0.9820647368158472,
 'PFIZER': 0.9667419935196737,
 'KEC': 0.8003718448410886,
 'ADANIPORTS': 0.7729570968510238,
 'NBCC': 0.6138259970662694}